0.5307692307692308
0.5593293828587946
0.610989010989011
0.6230669171845642
0.6840659340659341
0.7074721780604134
0.7148351648351648
0.7437490966902731
0.7313186813186813
0.7564676976441682
0.7571428571428571
0.8056077467842174
0.7730769230769231
0.8391386038444862
0.7917582417582417
0.8557595028183264
0.8065934065934066
0.9004191357132534
0.8065934065934066
0.8999855470443706
0.8186813186813187
0.9166064460182107
0.8296703296703297
0.9181962711374476
0.8340659340659341
0.9411764705882353
0.8357142857142857
0.9404538228067639
0.8296703296703297
0.9579418991183697
0.8225274725274725
0.961988726694609
0.8373626373626374
0.9703714409596762
0.8236263736263736
0.9455123572770632
0.8313186813186814
0.9700823818470877
0.8384615384615385
0.976875270992918
0.8423076923076923
0.9829455123572771
0.8472527472527472
0.9882931059401647
0.8379120879120879
0.955340367105073
0.8423076923076923
0.9781760369995665
0.8527472527472527
0.9822228645758058
0.8335164835164836
0.9686370862841451
0.8368131868131868
0.9825119236883942
0.8489010989010989
0.9836681601387484
0.8456043956043956
0.9744182685359156
0.8494505494505494
0.9858361034831623
0.843956043956044
0.9731175025292672
0.8483516483516483
0.9843908079202197
