0.7137362637362638
0.7054487642722936
0.810989010989011
0.8333574215927158
0.8181318681318681
0.8585055643879174
0.8181318681318681
0.8647203353085706
0.8461538461538461
0.8885677120971238
0.8318681318681319
0.9050440815146698
0.8285714285714286
0.9186298598063304
0.8521978021978022
0.9374187021245844
0.843956043956044
0.939875704581587
0.8247252747252747
0.9426217661511779
0.8269230769230769
0.9628559040323746
0.8302197802197803
0.9520161873103049
0.8274725274725274
0.9671917907212025
0.8181318681318681
0.9679144385026738
0.8247252747252747
0.9670472611649082
0.8351648351648352
0.9816447463506287
0.8401098901098901
0.9638676109264345
0.8296703296703297
0.976297152767741
0.8307692307692308
0.9862696921520451
0.8335164835164836
0.9843908079202197
0.8296703296703297
0.985691573926868
0.8467032967032967
0.9887266946090475
0.8428571428571429
0.9838126896950427
0.8494505494505494
0.9910391675097557
0.8373626373626374
0.974129209423327
0.8318681318681319
0.9832345714698656
0.8346153846153846
0.9830900419135713
0.8395604395604396
0.9901719901719902
0.8406593406593407
0.9738401503107386
0.843956043956044
0.9900274606156959
