0.7054487642722936
0.8333574215927158
0.8585055643879174
0.8647203353085706
0.8885677120971238
0.9050440815146698
0.9186298598063304
0.9374187021245844
0.939875704581587
0.9426217661511779
0.9628559040323746
0.9520161873103049
0.9671917907212025
0.9679144385026738
0.9670472611649082
0.9816447463506287
0.9638676109264345
0.976297152767741
0.9862696921520451
0.9843908079202197
0.985691573926868
0.9887266946090475
0.9838126896950427
0.9910391675097557
0.974129209423327
0.9832345714698656
0.9830900419135713
0.9901719901719902
0.9738401503107386
0.9900274606156959
